48.388225057142854 9.988500457142857
48.38911791428571 9.988500457142857
48.39001077142857 9.988500457142857
48.39090362857143 9.988500457142857
48.39179648571429 9.988500457142857
48.392689342857146 9.988500457142857
48.3935822 9.988500457142857
48.394475057142856 9.988500457142857
48.395367914285714 9.988500457142857
48.39626077142857 9.988500457142857
48.39715362857143 9.988500457142857
48.39804648571429 9.988500457142857
48.39893934285714 9.988500457142857
48.3998322 9.988500457142857
48.40072505714286 9.988500457142857
48.401617914285715 9.988500457142857
48.402510771428574 9.988500457142857
48.40340362857143 9.988500457142857
48.40429648571428 9.988500457142857
48.40518934285714 9.988500457142857
48.388225057142854 9.989393314285714
48.38911791428571 9.989393314285714
48.39001077142857 9.989393314285714
48.39090362857143 9.989393314285714
48.39179648571429 9.989393314285714
48.392689342857146 9.989393314285714
48.3935822 9.989393314285714
48.394475057142856 9.989393314285714
48.395367914285714 9.989393314285714
48.39626077142857 9.989393314285714
48.39715362857143 9.989393314285714
48.39804648571429 9.989393314285714
48.39893934285714 9.989393314285714
48.3998322 9.989393314285714
48.40072505714286 9.989393314285714
48.401617914285715 9.989393314285714
48.402510771428574 9.989393314285714
48.40340362857143 9.989393314285714
48.40429648571428 9.989393314285714
48.40518934285714 9.989393314285714
48.388225057142854 9.990286171428572
48.38911791428571 9.990286171428572
48.39001077142857 9.990286171428572
48.39090362857143 9.990286171428572
48.39179648571429 9.990286171428572
48.392689342857146 9.990286171428572
48.3935822 9.990286171428572
48.394475057142856 9.990286171428572
48.395367914285714 9.990286171428572
48.39626077142857 9.990286171428572
48.39715362857143 9.990286171428572
48.39804648571429 9.990286171428572
48.39893934285714 9.990286171428572
48.3998322 9.990286171428572
48.40072505714286 9.990286171428572
48.401617914285715 9.990286171428572
48.402510771428574 9.990286171428572
48.40340362857143 9.990286171428572
48.40429648571428 9.990286171428572
48.40518934285714 9.990286171428572
48.388225057142854 9.991179028571429
48.38911791428571 9.991179028571429
48.39001077142857 9.991179028571429
48.39090362857143 9.991179028571429
48.39179648571429 9.991179028571429
48.392689342857146 9.991179028571429
48.3935822 9.991179028571429
48.394475057142856 9.991179028571429
48.395367914285714 9.991179028571429
48.39626077142857 9.991179028571429
48.39715362857143 9.991179028571429
48.39804648571429 9.991179028571429
48.39893934285714 9.991179028571429
48.3998322 9.991179028571429
48.40072505714286 9.991179028571429
48.401617914285715 9.991179028571429
48.402510771428574 9.991179028571429
48.40340362857143 9.991179028571429
48.40429648571428 9.991179028571429
48.40518934285714 9.991179028571429
48.388225057142854 9.992071885714285
48.38911791428571 9.992071885714285
48.39001077142857 9.992071885714285
48.39090362857143 9.992071885714285
48.39179648571429 9.992071885714285
48.392689342857146 9.992071885714285
48.3935822 9.992071885714285
48.394475057142856 9.992071885714285
48.395367914285714 9.992071885714285
48.39626077142857 9.992071885714285
48.39715362857143 9.992071885714285
48.39804648571429 9.992071885714285
48.39893934285714 9.992071885714285
48.3998322 9.992071885714285
48.40072505714286 9.992071885714285
48.401617914285715 9.992071885714285
48.402510771428574 9.992071885714285
48.40340362857143 9.992071885714285
48.40429648571428 9.992071885714285
48.40518934285714 9.992071885714285
48.388225057142854 9.992964742857144
48.38911791428571 9.992964742857144
48.39001077142857 9.992964742857144
48.39090362857143 9.992964742857144
48.39179648571429 9.992964742857144
48.392689342857146 9.992964742857144
48.3935822 9.992964742857144
48.394475057142856 9.992964742857144
48.395367914285714 9.992964742857144
48.39626077142857 9.992964742857144
48.39715362857143 9.992964742857144
48.39804648571429 9.992964742857144
48.39893934285714 9.992964742857144
48.3998322 9.992964742857144
48.40072505714286 9.992964742857144
48.401617914285715 9.992964742857144
48.402510771428574 9.992964742857144
48.40340362857143 9.992964742857144
48.40429648571428 9.992964742857144
48.40518934285714 9.992964742857144
48.388225057142854 9.9938576
48.38911791428571 9.9938576
48.39001077142857 9.9938576
48.39090362857143 9.9938576
48.39179648571429 9.9938576
48.392689342857146 9.9938576
48.3935822 9.9938576
48.394475057142856 9.9938576
48.395367914285714 9.9938576
48.39626077142857 9.9938576
48.39715362857143 9.9938576
48.39804648571429 9.9938576
48.39893934285714 9.9938576
48.3998322 9.9938576
48.40072505714286 9.9938576
48.401617914285715 9.9938576
48.402510771428574 9.9938576
48.40340362857143 9.9938576
48.40429648571428 9.9938576
48.40518934285714 9.9938576
48.388225057142854 9.994750457142857
48.38911791428571 9.994750457142857
48.39001077142857 9.994750457142857
48.39090362857143 9.994750457142857
48.39179648571429 9.994750457142857
48.392689342857146 9.994750457142857
48.3935822 9.994750457142857
48.394475057142856 9.994750457142857
48.395367914285714 9.994750457142857
48.39626077142857 9.994750457142857
48.39715362857143 9.994750457142857
48.39804648571429 9.994750457142857
48.39893934285714 9.994750457142857
48.3998322 9.994750457142857
48.40072505714286 9.994750457142857
48.401617914285715 9.994750457142857
48.402510771428574 9.994750457142857
48.40340362857143 9.994750457142857
48.40429648571428 9.994750457142857
48.40518934285714 9.994750457142857
48.388225057142854 9.995643314285715
48.38911791428571 9.995643314285715
48.39001077142857 9.995643314285715
48.39090362857143 9.995643314285715
48.39179648571429 9.995643314285715
48.392689342857146 9.995643314285715
48.3935822 9.995643314285715
48.394475057142856 9.995643314285715
48.395367914285714 9.995643314285715
48.39626077142857 9.995643314285715
48.39715362857143 9.995643314285715
48.39804648571429 9.995643314285715
48.39893934285714 9.995643314285715
48.3998322 9.995643314285715
48.40072505714286 9.995643314285715
48.401617914285715 9.995643314285715
48.402510771428574 9.995643314285715
48.40340362857143 9.995643314285715
48.40429648571428 9.995643314285715
48.40518934285714 9.995643314285715
48.388225057142854 9.996536171428572
48.38911791428571 9.996536171428572
48.39001077142857 9.996536171428572
48.39090362857143 9.996536171428572
48.39179648571429 9.996536171428572
48.392689342857146 9.996536171428572
48.3935822 9.996536171428572
48.394475057142856 9.996536171428572
48.395367914285714 9.996536171428572
48.39626077142857 9.996536171428572
48.39715362857143 9.996536171428572
48.39804648571429 9.996536171428572
48.39893934285714 9.996536171428572
48.3998322 9.996536171428572
48.40072505714286 9.996536171428572
48.401617914285715 9.996536171428572
48.402510771428574 9.996536171428572
48.40340362857143 9.996536171428572
48.40429648571428 9.996536171428572
48.40518934285714 9.996536171428572
48.388225057142854 9.997429028571428
48.38911791428571 9.997429028571428
48.39001077142857 9.997429028571428
48.39090362857143 9.997429028571428
48.39179648571429 9.997429028571428
48.392689342857146 9.997429028571428
48.3935822 9.997429028571428
48.394475057142856 9.997429028571428
48.395367914285714 9.997429028571428
48.39626077142857 9.997429028571428
48.39715362857143 9.997429028571428
48.39804648571429 9.997429028571428
48.39893934285714 9.997429028571428
48.3998322 9.997429028571428
48.40072505714286 9.997429028571428
48.401617914285715 9.997429028571428
48.402510771428574 9.997429028571428
48.40340362857143 9.997429028571428
48.40429648571428 9.997429028571428
48.40518934285714 9.997429028571428
48.388225057142854 9.998321885714285
48.38911791428571 9.998321885714285
48.39001077142857 9.998321885714285
48.39090362857143 9.998321885714285
48.39179648571429 9.998321885714285
48.392689342857146 9.998321885714285
48.3935822 9.998321885714285
48.394475057142856 9.998321885714285
48.395367914285714 9.998321885714285
48.39626077142857 9.998321885714285
48.39715362857143 9.998321885714285
48.39804648571429 9.998321885714285
48.39893934285714 9.998321885714285
48.3998322 9.998321885714285
48.40072505714286 9.998321885714285
48.401617914285715 9.998321885714285
48.402510771428574 9.998321885714285
48.40340362857143 9.998321885714285
48.40429648571428 9.998321885714285
48.40518934285714 9.998321885714285
48.388225057142854 9.999214742857143
48.38911791428571 9.999214742857143
48.39001077142857 9.999214742857143
48.39090362857143 9.999214742857143
48.39179648571429 9.999214742857143
48.392689342857146 9.999214742857143
48.3935822 9.999214742857143
48.394475057142856 9.999214742857143
48.395367914285714 9.999214742857143
48.39626077142857 9.999214742857143
48.39715362857143 9.999214742857143
48.39804648571429 9.999214742857143
48.39893934285714 9.999214742857143
48.3998322 9.999214742857143
48.40072505714286 9.999214742857143
48.401617914285715 9.999214742857143
48.402510771428574 9.999214742857143
48.40340362857143 9.999214742857143
48.40429648571428 9.999214742857143
48.40518934285714 9.999214742857143
48.388225057142854 10.0001076
48.38911791428571 10.0001076
48.39001077142857 10.0001076
48.39090362857143 10.0001076
48.39179648571429 10.0001076
48.392689342857146 10.0001076
48.3935822 10.0001076
48.394475057142856 10.0001076
48.395367914285714 10.0001076
48.39626077142857 10.0001076
48.39715362857143 10.0001076
48.39804648571429 10.0001076
48.39893934285714 10.0001076
48.3998322 10.0001076
48.40072505714286 10.0001076
48.401617914285715 10.0001076
48.402510771428574 10.0001076
48.40340362857143 10.0001076
48.40429648571428 10.0001076
48.40518934285714 10.0001076
48.388225057142854 10.001000457142856
48.38911791428571 10.001000457142856
48.39001077142857 10.001000457142856
48.39090362857143 10.001000457142856
48.39179648571429 10.001000457142856
48.392689342857146 10.001000457142856
48.3935822 10.001000457142856
48.394475057142856 10.001000457142856
48.395367914285714 10.001000457142856
48.39626077142857 10.001000457142856
48.39715362857143 10.001000457142856
48.39804648571429 10.001000457142856
48.39893934285714 10.001000457142856
48.3998322 10.001000457142856
48.40072505714286 10.001000457142856
48.401617914285715 10.001000457142856
48.402510771428574 10.001000457142856
48.40340362857143 10.001000457142856
48.40429648571428 10.001000457142856
48.40518934285714 10.001000457142856
48.388225057142854 10.001893314285715
48.38911791428571 10.001893314285715
48.39001077142857 10.001893314285715
48.39090362857143 10.001893314285715
48.39179648571429 10.001893314285715
48.392689342857146 10.001893314285715
48.3935822 10.001893314285715
48.394475057142856 10.001893314285715
48.395367914285714 10.001893314285715
48.39626077142857 10.001893314285715
48.39715362857143 10.001893314285715
48.39804648571429 10.001893314285715
48.39893934285714 10.001893314285715
48.3998322 10.001893314285715
48.40072505714286 10.001893314285715
48.401617914285715 10.001893314285715
48.402510771428574 10.001893314285715
48.40340362857143 10.001893314285715
48.40429648571428 10.001893314285715
48.40518934285714 10.001893314285715
48.388225057142854 10.002786171428571
48.38911791428571 10.002786171428571
48.39001077142857 10.002786171428571
48.39090362857143 10.002786171428571
48.39179648571429 10.002786171428571
48.392689342857146 10.002786171428571
48.3935822 10.002786171428571
48.394475057142856 10.002786171428571
48.395367914285714 10.002786171428571
48.39626077142857 10.002786171428571
48.39715362857143 10.002786171428571
48.39804648571429 10.002786171428571
48.39893934285714 10.002786171428571
48.3998322 10.002786171428571
48.40072505714286 10.002786171428571
48.401617914285715 10.002786171428571
48.402510771428574 10.002786171428571
48.40340362857143 10.002786171428571
48.40429648571428 10.002786171428571
48.40518934285714 10.002786171428571
48.388225057142854 10.003679028571428
48.38911791428571 10.003679028571428
48.39001077142857 10.003679028571428
48.39090362857143 10.003679028571428
48.39179648571429 10.003679028571428
48.392689342857146 10.003679028571428
48.3935822 10.003679028571428
48.394475057142856 10.003679028571428
48.395367914285714 10.003679028571428
48.39626077142857 10.003679028571428
48.39715362857143 10.003679028571428
48.39804648571429 10.003679028571428
48.39893934285714 10.003679028571428
48.3998322 10.003679028571428
48.40072505714286 10.003679028571428
48.401617914285715 10.003679028571428
48.402510771428574 10.003679028571428
48.40340362857143 10.003679028571428
48.40429648571428 10.003679028571428
48.40518934285714 10.003679028571428
48.388225057142854 10.004571885714286
48.38911791428571 10.004571885714286
48.39001077142857 10.004571885714286
48.39090362857143 10.004571885714286
48.39179648571429 10.004571885714286
48.392689342857146 10.004571885714286
48.3935822 10.004571885714286
48.394475057142856 10.004571885714286
48.395367914285714 10.004571885714286
48.39626077142857 10.004571885714286
48.39715362857143 10.004571885714286
48.39804648571429 10.004571885714286
48.39893934285714 10.004571885714286
48.3998322 10.004571885714286
48.40072505714286 10.004571885714286
48.401617914285715 10.004571885714286
48.402510771428574 10.004571885714286
48.40340362857143 10.004571885714286
48.40429648571428 10.004571885714286
48.40518934285714 10.004571885714286
48.388225057142854 10.005464742857143
48.38911791428571 10.005464742857143
48.39001077142857 10.005464742857143
48.39090362857143 10.005464742857143
48.39179648571429 10.005464742857143
48.392689342857146 10.005464742857143
48.3935822 10.005464742857143
48.394475057142856 10.005464742857143
48.395367914285714 10.005464742857143
48.39626077142857 10.005464742857143
48.39715362857143 10.005464742857143
48.39804648571429 10.005464742857143
48.39893934285714 10.005464742857143
48.3998322 10.005464742857143
48.40072505714286 10.005464742857143
48.401617914285715 10.005464742857143
48.402510771428574 10.005464742857143
48.40340362857143 10.005464742857143
48.40429648571428 10.005464742857143
48.40518934285714 10.005464742857143
48.388225057142854 10.0063576
48.38911791428571 10.0063576
48.39001077142857 10.0063576
48.39090362857143 10.0063576
48.39179648571429 10.0063576
48.392689342857146 10.0063576
48.3935822 10.0063576
48.394475057142856 10.0063576
48.395367914285714 10.0063576
48.39626077142857 10.0063576
48.39715362857143 10.0063576
48.39804648571429 10.0063576
48.39893934285714 10.0063576
48.3998322 10.0063576
48.40072505714286 10.0063576
48.401617914285715 10.0063576
48.402510771428574 10.0063576
48.40340362857143 10.0063576
48.40429648571428 10.0063576
48.40518934285714 10.0063576
48.388225057142854 10.007250457142858
48.38911791428571 10.007250457142858
48.39001077142857 10.007250457142858
48.39090362857143 10.007250457142858
48.39179648571429 10.007250457142858
48.392689342857146 10.007250457142858
48.3935822 10.007250457142858
48.394475057142856 10.007250457142858
48.395367914285714 10.007250457142858
48.39626077142857 10.007250457142858
48.39715362857143 10.007250457142858
48.39804648571429 10.007250457142858
48.39893934285714 10.007250457142858
48.3998322 10.007250457142858
48.40072505714286 10.007250457142858
48.401617914285715 10.007250457142858
48.402510771428574 10.007250457142858
48.40340362857143 10.007250457142858
48.40429648571428 10.007250457142858
48.40518934285714 10.007250457142858
48.388225057142854 10.008143314285714
48.38911791428571 10.008143314285714
48.39001077142857 10.008143314285714
48.39090362857143 10.008143314285714
48.39179648571429 10.008143314285714
48.392689342857146 10.008143314285714
48.3935822 10.008143314285714
48.394475057142856 10.008143314285714
48.395367914285714 10.008143314285714
48.39626077142857 10.008143314285714
48.39715362857143 10.008143314285714
48.39804648571429 10.008143314285714
48.39893934285714 10.008143314285714
48.3998322 10.008143314285714
48.40072505714286 10.008143314285714
48.401617914285715 10.008143314285714
48.402510771428574 10.008143314285714
48.40340362857143 10.008143314285714
48.40429648571428 10.008143314285714
48.40518934285714 10.008143314285714
48.388225057142854 10.009036171428571
48.38911791428571 10.009036171428571
48.39001077142857 10.009036171428571
48.39090362857143 10.009036171428571
48.39179648571429 10.009036171428571
48.392689342857146 10.009036171428571
48.3935822 10.009036171428571
48.394475057142856 10.009036171428571
48.395367914285714 10.009036171428571
48.39626077142857 10.009036171428571
48.39715362857143 10.009036171428571
48.39804648571429 10.009036171428571
48.39893934285714 10.009036171428571
48.3998322 10.009036171428571
48.40072505714286 10.009036171428571
48.401617914285715 10.009036171428571
48.402510771428574 10.009036171428571
48.40340362857143 10.009036171428571
48.40429648571428 10.009036171428571
48.40518934285714 10.009036171428571
48.388225057142854 10.00992902857143
48.38911791428571 10.00992902857143
48.39001077142857 10.00992902857143
48.39090362857143 10.00992902857143
48.39179648571429 10.00992902857143
48.392689342857146 10.00992902857143
48.3935822 10.00992902857143
48.394475057142856 10.00992902857143
48.395367914285714 10.00992902857143
48.39626077142857 10.00992902857143
48.39715362857143 10.00992902857143
48.39804648571429 10.00992902857143
48.39893934285714 10.00992902857143
48.3998322 10.00992902857143
48.40072505714286 10.00992902857143
48.401617914285715 10.00992902857143
48.402510771428574 10.00992902857143
48.40340362857143 10.00992902857143
48.40429648571428 10.00992902857143
48.40518934285714 10.00992902857143
48.388225057142854 10.010821885714286
48.38911791428571 10.010821885714286
48.39001077142857 10.010821885714286
48.39090362857143 10.010821885714286
48.39179648571429 10.010821885714286
48.392689342857146 10.010821885714286
48.3935822 10.010821885714286
48.394475057142856 10.010821885714286
48.395367914285714 10.010821885714286
48.39626077142857 10.010821885714286
48.39715362857143 10.010821885714286
48.39804648571429 10.010821885714286
48.39893934285714 10.010821885714286
48.3998322 10.010821885714286
48.40072505714286 10.010821885714286
48.401617914285715 10.010821885714286
48.402510771428574 10.010821885714286
48.40340362857143 10.010821885714286
48.40429648571428 10.010821885714286
48.40518934285714 10.010821885714286
48.388225057142854 10.011714742857142
48.38911791428571 10.011714742857142
48.39001077142857 10.011714742857142
48.39090362857143 10.011714742857142
48.39179648571429 10.011714742857142
48.392689342857146 10.011714742857142
48.3935822 10.011714742857142
48.394475057142856 10.011714742857142
48.395367914285714 10.011714742857142
48.39626077142857 10.011714742857142
48.39715362857143 10.011714742857142
48.39804648571429 10.011714742857142
48.39893934285714 10.011714742857142
48.3998322 10.011714742857142
48.40072505714286 10.011714742857142
48.401617914285715 10.011714742857142
48.402510771428574 10.011714742857142
48.40340362857143 10.011714742857142
48.40429648571428 10.011714742857142
48.40518934285714 10.011714742857142
48.388225057142854 10.012607599999999
48.38911791428571 10.012607599999999
48.39001077142857 10.012607599999999
48.39090362857143 10.012607599999999
48.39179648571429 10.012607599999999
48.392689342857146 10.012607599999999
48.3935822 10.012607599999999
48.394475057142856 10.012607599999999
48.395367914285714 10.012607599999999
48.39626077142857 10.012607599999999
48.39715362857143 10.012607599999999
48.39804648571429 10.012607599999999
48.39893934285714 10.012607599999999
48.3998322 10.012607599999999
48.40072505714286 10.012607599999999
48.401617914285715 10.012607599999999
48.402510771428574 10.012607599999999
48.40340362857143 10.012607599999999
48.40429648571428 10.012607599999999
48.40518934285714 10.012607599999999
48.388225057142854 10.013500457142857
48.38911791428571 10.013500457142857
48.39001077142857 10.013500457142857
48.39090362857143 10.013500457142857
48.39179648571429 10.013500457142857
48.392689342857146 10.013500457142857
48.3935822 10.013500457142857
48.394475057142856 10.013500457142857
48.395367914285714 10.013500457142857
48.39626077142857 10.013500457142857
48.39715362857143 10.013500457142857
48.39804648571429 10.013500457142857
48.39893934285714 10.013500457142857
48.3998322 10.013500457142857
48.40072505714286 10.013500457142857
48.401617914285715 10.013500457142857
48.402510771428574 10.013500457142857
48.40340362857143 10.013500457142857
48.40429648571428 10.013500457142857
48.40518934285714 10.013500457142857
48.388225057142854 10.014393314285714
48.38911791428571 10.014393314285714
48.39001077142857 10.014393314285714
48.39090362857143 10.014393314285714
48.39179648571429 10.014393314285714
48.392689342857146 10.014393314285714
48.3935822 10.014393314285714
48.394475057142856 10.014393314285714
48.395367914285714 10.014393314285714
48.39626077142857 10.014393314285714
48.39715362857143 10.014393314285714
48.39804648571429 10.014393314285714
48.39893934285714 10.014393314285714
48.3998322 10.014393314285714
48.40072505714286 10.014393314285714
48.401617914285715 10.014393314285714
48.402510771428574 10.014393314285714
48.40340362857143 10.014393314285714
48.40429648571428 10.014393314285714
48.40518934285714 10.014393314285714